100
711 Bassolino 66 62 17329 24351 2204
896 Agostini 47 65 22565 24721 2755
942 Abu 30 46 8074 22038 1102
1611 Vitale 81 79 22128 28370 2204
1649 Monsone 76 61 4972 27621 551
1775 Benedetti 14 54 24150 25272 2204
1997 Costa 3 42 3401 19009 1102
2047 Abbondanza 92 78 13697 21967 2204
2341 Orlando 34 83 25623 26969 551
2522 Rinaldi 50 57 12542 19666 2755
2869 Alpi 12 18 24500 28052 2204
3008 Bonomo 7 79 20204 21265 2755
3122 Iacoangeli 28 67 17011 28271 1102
3737 Robbio 10 40 7914 12187 2755
3898 Coulier 35 50 12130 19283 1653
4273 Attendoli 21 52 21771 22950 2204
4475 Santoro 31 9 22670 27363 1102
4481 Mezzogori 6 46 19580 24383 2755
4737 Basili 92 52 18598 23772 2204
4953 D'Alessandro 37 7 17863 28456 2755
5191 Avello 41 8 12589 17485 551
5193 Zenina 77 17 11183 12769 2755
5256 Battaglia 48 28 7462 25515 2204
5499 Focaccia 94 99 26539 27127 1102
5519 Ricciolino 34 93 21857 27844 2755
5664 DeFreitas 86 87 26981 28146 1653
6065 DiPasquale 25 12 9865 24925 2755
6080 Paradisi 1 5 16225 19045 2204
6564 Guerra 19 6 28018 28648 2755
7259 Martini 2 47 14948 20335 1102
7935 Napolitano 9 92 23200 24805 2755
7943 DeBacco 87 69 25955 28130 2204
8579 Renzulli 4 41 22733 24129 1102
8926 DiCarlo 66 34 14812 28209 2204
8982 Baldi 26 44 27466 28390 2204
9142 Colle 96 100 21948 22685 1102
9158 Errahmani 86 65 16619 17969 1653
9183 DeLuca 89 94 9479 18580 1653
9420 Forcina 98 89 16181 20659 1102
10008 Burla 86 52 16828 25321 1102
10431 Lunerti 84 98 12511 13099 1653
10441 Cataldi 76 17 14837 23969 2755
10512 Carucci 16 68 19639 24731 1102
11265 Casali 59 12 18356 20121 2204
11270 Cheikh 20 82 21575 23712 1102
11309 Fiuzzi 76 18 18938 24402 2204
11357 Apreda 59 69 20251 28559 2755
11640 Covato 22 25 16300 20880 551
12104 Hossain 88 53 14674 16725 1102
12641 Pastore 31 1 14763 15787 551
12889 Porta 89 57 16505 27840 2755
12907 Zanella 20 48 14202 26246 2204
13029 Settembrini 41 14 24894 28752 1653
14045 Bellini 18 3 26898 27805 1102
14120 Masetti 14 46 27482 28775 2204
14141 Harasymiuk 27 21 25882 28450 551
14961 Delgado 69 21 15907 24589 551
15063 D'emilia 30 100 22824 25451 1102
15220 Croce 22 90 15514 16512 1653
15324 Rebeccato 44 56 22663 27174 1653
15342 Pello 11 56 28096 28499 551
15349 Caporilli 82 55 24284 27472 2204
15634 Magalotti 64 72 25793 27506 2755
15684 Lacerenza 37 38 19627 21610 551
15954 Seri 60 81 22266 23873 2755
16580 Piro 16 55 17885 23964 2755
17205 Vassura 4 75 27451 28191 1102
17561 Zinnamosca 31 70 17563 22833 2204
17976 Ricci 26 85 17976 23501 551
18072 Lucarini 53 80 21108 28745 2755
18475 Guido 55 58 22264 25707 1102
18585 Caputo 47 46 19655 27567 2204
18619 Ciarla 62 38 23514 26052 1653
18656 Zamberlan 88 93 19700 26051 2755
18851 Scardone 76 1 24064 26914 1653
18901 Gindre 75 21 21648 26328 1653
18908 Vannozzi 82 31 26594 27418 1102
19031 Lucani 34 8 25453 27664 1653
19578 Grande 90 59 26388 27242 2204
20084 Labella 75 48 21556 25047 2755
20085 Vitor 60 50 26551 27074 2204
20144 Pereira 83 33 24181 26071 1653
20202 Massa 23 13 26467 27259 1102
21002 Hushchyna 98 41 22750 26259 1102
22222 Pucciotti 35 62 24197 26844 2204
22581 Gatto 49 95 26733 28794 1102
22595 Rocchi 38 58 25420 27174 1102
22956 Ciampaglia 99 59 25772 27349 1102
23072 Russo 74 9 26063 27672 1653
23406 Lelli 41 45 24610 26036 2204
23796 Santana 43 30 26892 28671 2204
24523 Piani 27 53 25727 27651 1102
25268 Monti 43 99 26523 28725 551
25538 Caniglia 51 78 26107 27838 2755
25921 DeSimoni 59 35 25981 27553 551
25939 DiSipio 11 75 27017 28092 1102
26514 DiRuzza 41 38 26889 28449 2755
27159 Sartori 15 83 27835 28452 2204
27221 Parravani 3 80 27255 28792 2755
27746 Mauro 56 17 27843 28480 1653
