200
490 Gentili 84 25 17846 27099 1653
604 Mirante 2 6 20166 25498 1653
685 Bello 52 96 17910 20832 1653
711 Bassolino 66 62 17329 24351 2204
789 Castaldi 84 44 17968 24540 1102
835 Olivelli 31 28 20164 22059 2204
896 Agostini 47 65 22565 24721 2755
942 Abu 30 46 8074 22038 1102
980 Coppola 47 45 16341 18600 2755
1611 Vitale 81 79 22128 28370 2204
1649 Monsone 76 61 4972 27621 551
1775 Benedetti 14 54 24150 25272 2204
1896 Alfano 99 22 11424 21807 1102
1997 Costa 3 42 3401 19009 1102
2047 Abbondanza 92 78 13697 21967 2204
2341 Orlando 34 83 25623 26969 551
2401 Simoni 79 24 12262 26747 1653
2522 Rinaldi 50 57 12542 19666 2755
2752 Montuori 99 81 13539 28256 551
2859 DiStefano 30 11 7657 20010 1102
2869 Alpi 12 18 24500 28052 2204
3008 Bonomo 7 79 20204 21265 2755
3122 Iacoangeli 28 67 17011 28271 1102
3737 Robbio 10 40 7914 12187 2755
3820 Cozzolino 85 46 21323 27309 1653
3843 Zaccaria 58 33 10444 23447 551
3898 Coulier 35 50 12130 19283 1653
3918 Galotti 51 80 6833 28700 1102
4045 Espositi 64 31 21342 27690 1653
4273 Attendoli 21 52 21771 22950 2204
4282 Hajji 38 35 5139 28064 1653
4475 Santoro 31 9 22670 27363 1102
4481 Mezzogori 6 46 19580 24383 2755
4709 Karim 39 66 18027 24643 1102
4716 Colongi 10 61 6481 19677 2755
4737 Basili 92 52 18598 23772 2204
4849 Pinna 29 43 22620 23650 2204
4953 D'Alessandro 37 7 17863 28456 2755
5053 Marchesini 25 9 23211 25114 2755
5081 Ferrante 27 66 8214 25054 1102
5184 Rosato 22 90 15293 20408 2204
5191 Avello 41 8 12589 17485 551
5193 Zenina 77 17 11183 12769 2755
5256 Battaglia 48 28 7462 25515 2204
5377 Bellaneve 33 99 17057 27992 2755
5382 Farina 49 37 9380 11322 1102
5499 Focaccia 94 99 26539 27127 1102
5501 Wozniczka 11 69 10223 11927 2204
5519 Ricciolino 34 93 21857 27844 2755
5664 DeFreitas 86 87 26981 28146 1653
6065 DiPasquale 25 12 9865 24925 2755
6080 Paradisi 1 5 16225 19045 2204
6410 Torraca 3 15 14883 28235 1102
6564 Guerra 19 6 28018 28648 2755
6599 Scarale 28 10 20542 27832 2204
6987 Coluccia 42 10 20288 21218 2204
7082 Riccati 13 41 12502 26038 1653
7259 Martini 2 47 14948 20335 1102
7292 Mena 56 98 23064 26032 551
7580 Bento 7 3 11324 25767 1102
7814 Sasvari 68 25 16676 17244 551
7935 Napolitano 9 92 23200 24805 2755
7943 DeBacco 87 69 25955 28130 2204
7945 Marata 79 21 16905 24020 2755
8273 Pracucci 45 52 19568 20645 551
8579 Renzulli 4 41 22733 24129 1102
8690 Fortini 59 35 11355 18443 1653
8926 DiCarlo 66 34 14812 28209 2204
8982 Baldi 26 44 27466 28390 2204
9142 Colle 96 100 21948 22685 1102
9158 Errahmani 86 65 16619 17969 1653
9183 DeLuca 89 94 9479 18580 1653
9344 Villa 54 72 15029 15731 1653
9420 Forcina 98 89 16181 20659 1102
9563 Ferrero 96 61 18890 27853 1653
9857 DelAguila 5 48 16235 25153 2755
10008 Burla 86 52 16828 25321 1102
10431 Lunerti 84 98 12511 13099 1653
10441 Cataldi 76 17 14837 23969 2755
10512 Carucci 16 68 19639 24731 1102
10793 Sipio 98 79 23186 27657 2755
10958 DePeppe 71 59 22186 23514 2755
11054 Pelo 69 87 12193 19578 2204
11265 Casali 59 12 18356 20121 2204
11270 Cheikh 20 82 21575 23712 1102
11309 Fiuzzi 76 18 18938 24402 2204
11357 Apreda 59 69 20251 28559 2755
11470 Longo 4 45 14439 15119 2204
11584 Contento 83 99 16325 26836 2755
11592 Salvini 60 81 17905 26490 1102
11640 Covato 22 25 16300 20880 551
11877 Contiu 83 19 22433 23269 1102
12104 Hossain 88 53 14674 16725 1102
12641 Pastore 31 1 14763 15787 551
12889 Porta 89 57 16505 27840 2755
12907 Zanella 20 48 14202 26246 2204
13010 Bagnato 80 85 24409 27099 2755
13029 Settembrini 41 14 24894 28752 1653
13498 Jaschke 23 70 16029 27231 551
13601 Montanari 51 26 23557 25757 2755
13767 Assal 24 19 25827 28292 2204
14045 Bellini 18 3 26898 27805 1102
14120 Masetti 14 46 27482 28775 2204
14141 Harasymiuk 27 21 25882 28450 551
14228 Bellettini 84 52 20853 25734 1653
14497 Fontanari 58 86 24871 26884 1653
14530 Bianchi 82 26 17084 27384 551
14539 Zapalski 52 15 17364 23354 2204
14942 Catalano 68 28 20769 24389 1102
14961 Delgado 69 21 15907 24589 551
15043 Franco 36 73 25616 28288 2204
15063 D'emilia 30 100 22824 25451 1102
15220 Croce 22 90 15514 16512 1653
15324 Rebeccato 44 56 22663 27174 1653
15342 Pello 11 56 28096 28499 551
15349 Caporilli 82 55 24284 27472 2204
15425 D'Amora 16 46 26413 27798 1102
15634 Magalotti 64 72 25793 27506 2755
15684 Lacerenza 37 38 19627 21610 551
15954 Seri 60 81 22266 23873 2755
16106 Lena 7 41 21346 26636 1653
16236 DiPaolo 56 88 21769 26316 551
16580 Piro 16 55 17885 23964 2755
16751 Vinciguerra 7 59 17294 28029 2755
17205 Vassura 4 75 27451 28191 1102
17310 Eichenberger 1 44 21714 24705 2204
17352 Fusco 46 26 17858 27001 1653
17561 Zinnamosca 31 70 17563 22833 2204
17957 Cellini 46 61 21703 26258 2755
17976 Ricci 26 85 17976 23501 551
18072 Lucarini 53 80 21108 28745 2755
18340 Jebrane 85 56 20437 25450 551
18409 Bertini 39 3 25769 27642 1102
18475 Guido 55 58 22264 25707 1102
18585 Caputo 47 46 19655 27567 2204
18619 Ciarla 62 38 23514 26052 1653
18656 Zamberlan 88 93 19700 26051 2755
18697 Proietti 15 9 22879 28582 551
18739 Mahu 1 36 27978 28735 1653
18851 Scardone 76 1 24064 26914 1653
18877 Marchini 34 4 26445 27992 551
18901 Gindre 75 21 21648 26328 1653
18908 Vannozzi 82 31 26594 27418 1102
18925 Orlandi 3 7 20620 28655 1653
19031 Lucani 34 8 25453 27664 1653
19316 Manchia 83 82 24725 27047 2755
19578 Grande 90 59 26388 27242 2204
19694 D'Amico 60 71 26868 28319 1102
19793 LaBella 57 26 20752 23601 551
19861 Paolini 37 70 27898 28667 2204
20084 Labella 75 48 21556 25047 2755
20085 Vitor 60 50 26551 27074 2204
20138 Moschetti 35 36 23844 28371 551
20141 Donatantonio 68 71 26561 28521 1102
20144 Pereira 83 33 24181 26071 1653
20202 Massa 23 13 26467 27259 1102
20373 Tazzari 66 29 25934 28031 2204
20522 Borrelli 88 90 25020 26938 2204
20607 Sorbalo 5 94 27679 28728 2204
20801 Ghazi 87 8 24385 27186 2755
20952 Mathlouthi 22 82 26579 27460 2204
21002 Hushchyna 98 41 22750 26259 1102
21099 Pongetti 58 57 21357 24055 2204
21197 Lattanzi 88 59 22673 28039 2755
21987 Chesti 11 8 27911 28640 2204
22222 Pucciotti 35 62 24197 26844 2204
22307 Fusini 92 23 24006 25789 2204
22408 Niane 55 73 22526 27240 1102
22467 Pinnati 19 76 23664 25870 1102
22581 Gatto 49 95 26733 28794 1102
22595 Rocchi 38 58 25420 27174 1102
22609 Gallio 78 65 24267 24854 551
22956 Ciampaglia 99 59 25772 27349 1102
23072 Russo 74 9 26063 27672 1653
23162 Gargiulo 2 81 24280 27654 2204
23320 Tabane 9 93 26451 28378 2204
23406 Lelli 41 45 24610 26036 2204
23556 Fico 16 29 24811 26249 1102
23796 Santana 43 30 26892 28671 2204
23850 Ranucci 55 33 26157 27348 1102
23934 Medda 61 55 27028 28027 1102
24523 Piani 27 53 25727 27651 1102
24758 Pasquini 79 51 25511 27793 2755
24888 Apa 73 28 25440 28039 1102
25073 Urzo 65 98 27631 28547 551
25149 Riboloni 40 55 26494 28748 551
25249 Brunetto 33 11 25862 27940 2755
25268 Monti 43 99 26523 28725 551
25538 Caniglia 51 78 26107 27838 2755
25610 Pasolini 96 99 26187 28606 1102
25771 Castaldo 8 10 27208 28270 1653
25824 D'Achille 6 18 26987 28101 2204
25921 DeSimoni 59 35 25981 27553 551
25939 DiSipio 11 75 27017 28092 1102
25960 Borkowska 10 98 27154 28311 2204
26514 DiRuzza 41 38 26889 28449 2755
27159 Sartori 15 83 27835 28452 2204
27221 Parravani 3 80 27255 28792 2755
27598 Fassbender 52 79 27692 27913 1653
27746 Mauro 56 17 27843 28480 1653
