200
379 Hajji 39 4 7844 21420 582
613 Sebastiani 67 86 26515 27688 2910
756 Caligari 61 67 7413 12352 2910
1003 Bassano 94 69 15071 17336 1164
1140 Veneziano 81 47 26481 28126 2910
1204 Callegarini 89 9 22436 25976 1746
1333 Conflitti 92 59 14668 18399 1746
1819 Veneziani 82 63 19545 25733 1164
2270 Lunerti 71 33 6657 20073 2328
2287 Mezzogori 58 49 15462 27646 1746
2702 D'Amore 8 66 7873 19313 582
2718 Rizzelli 19 78 13141 20427 1164
2754 Bellini 7 45 3652 4589 2328
2905 Lucchesini 3 66 18165 19534 2328
3104 Kazi 44 3 22878 27561 1746
3284 Quadalti 13 14 8463 10481 2328
3488 DeFilippis 27 25 26204 27449 2910
3647 Lanconelli 68 88 21920 23699 1746
3791 Caraballo 13 77 9739 23892 2910
3812 Balta 19 68 8158 17406 1164
3829 Forcina 72 42 18639 19935 2910
3867 Filipek 4 70 7247 16095 1746
3907 Williams 39 49 7916 10861 2910
4007 Delgado 10 12 22019 23221 582
4065 Alpi 70 4 11257 24381 2910
4099 Sartorio 19 62 12787 20569 2328
4168 Arlati 16 20 19812 23063 1746
4278 Toso 12 90 14465 28585 1746
4288 Zepponi 95 22 25786 26400 2910
4588 Nurul 94 38 7177 16697 2328
4676 Focaccia 16 33 7442 15707 1746
4815 Arena 96 63 7200 12940 1164
5143 Caligiuri 76 16 23389 25463 2328
5208 Gasmi 80 50 23652 25151 582
5214 Villani 9 45 9907 24391 1746
5488 Pascale 54 78 18477 21891 2328
5716 Pierucci 13 24 21858 25452 2328
5854 Maroncelli 66 91 8955 14558 1164
5873 Toader 53 73 17620 24161 582
5893 Placidi 70 1 19876 23800 1746
5967 Piras 66 71 26192 28185 582
6043 Speziale 100 83 9227 11498 1746
6169 Zivkovic 46 98 7425 15744 1164
6252 Blasi 35 5 9750 14189 1164
6962 Bencivenga 10 75 8468 15930 2910
7077 Meloni 63 84 11082 26442 1164
7226 Medda 11 46 8326 18527 2328
7382 Amati 1 41 25510 26488 582
7383 Mamone 97 65 13771 20091 2328
7532 Morsiani 80 76 25314 28625 2910
7569 Vinciguerra 4 52 22204 26590 1746
7627 Terracciano 46 7 13996 20588 2328
7714 Martinotti 94 100 16897 18546 1746
8257 Cozzolino 5 69 8315 14931 582
8274 Poni 97 79 19624 21006 2328
8405 Benhadda 76 53 13025 21502 582
8418 Vassura 8 37 9719 28195 582
8526 Bernardi 11 59 20362 26950 1164
8684 Masetti 37 69 24512 26951 1746
9115 Martinelli 38 63 22855 24823 582
9154 Lucarini 40 13 10909 14353 1164
9267 Borgat 95 94 18441 28011 2910
9329 Labella 29 90 13022 14637 2328
9478 Campana 57 85 25178 27578 1746
9761 DeSanti 86 56 19073 24302 582
9892 Mariano 6 51 16074 18206 1164
10011 Rizzo 82 28 19264 26521 1164
10057 Sposato 52 2 20285 28157 2328
10147 Apreda 58 49 12884 26140 2328
10273 Grassi 98 69 25249 28220 1164
10341 Bonventre 100 29 18649 19538 2328
10485 Boncompagni 40 10 17266 23545 582
10494 Zurzolo 97 78 10833 14619 1746
10670 Milenov 18 75 23342 24369 582
10992 Hossain 89 3 12535 20189 582
11137 Borrelli 3 6 23019 23972 2910
11518 Serra 90 89 13350 25304 1164
11767 Azzarri 14 33 12903 16020 2910
11786 Fabbri 57 3 18716 24163 1164
11978 Giuliani 51 30 24765 27440 1746
12442 Mahu 79 33 26203 27814 1164
12445 Celotti 69 58 16473 21131 2910
12517 Caniglia 35 19 26518 27434 1164
12680 Corraretti 38 39 13638 18898 2328
12723 Valentini 38 85 21749 27125 2910
12852 Ruggieri 49 39 25001 26955 2910
12966 Baragliu 7 56 24570 26081 2328
13121 Cauteruccio 38 98 25858 27822 582
13343 Bianchini 49 32 20021 28372 2910
13487 Moretti 46 37 18954 24715 1746
13694 Cicconi 29 37 22195 26192 2328
13887 Parini 58 65 14482 16972 2328
14162 Zanetti 3 40 17410 25484 2910
14175 Amato 84 85 19961 23809 2910
14337 Cagnotti 9 3 24436 25014 2910
14354 Jaschke 33 21 25331 26549 582
14489 Gealapu 57 58 25373 26813 2328
14546 Fralassi 61 38 17223 19286 1746
14548 Manzi 73 30 22475 24087 2910
14707 Agostini 61 5 20526 24018 1746
15313 Santana 43 38 17747 27340 2910
15486 Donnhauser 24 30 27433 28256 2910
15638 Vitali 93 59 16387 16650 2328
15775 Zaccaria 11 75 23198 24840 1746
15853 Caldironi 33 38 24054 27144 1746
16041 Laita 37 100 23582 27054 1746
16329 DeLaCruz 89 61 22952 26682 582
16426 Emili 81 12 19942 20794 582
16443 Ferretti 27 95 26938 28442 1164
16483 Bellinzoni 39 78 18279 19580 2328
16770 Casadei 4 16 17351 23313 2328
16902 Zecchini 26 51 25409 27811 2328
16909 Giurgola 52 66 20681 21730 1164
16976 Gentilini 66 55 24808 25666 2328
17207 Gallio 10 75 25141 26523 582
17409 Lucchi 49 45 19107 24926 582
17441 Bassani 72 93 17700 21367 2328
17442 Bello 48 58 20563 28380 2328
17444 Abbondanza 48 32 21758 24751 2910
17469 Pisacane 65 84 19658 20638 2328
17559 Bevilacqua 6 63 20177 24214 1746
17856 Espositi 35 58 19136 25605 582
17946 Metozzi 85 87 21936 28116 2910
18158 Tomassi 28 32 22990 27920 2328
18269 Mangano 5 57 22947 27825 2910
18355 Diamantini 26 75 21550 22767 2328
18382 Marini 29 46 18681 23441 1164
18452 Latini 47 31 25270 27737 2910
18459 Chesti 72 52 22985 26532 2328
18777 Lena 82 83 27220 28527 2910
18878 Castagna 7 81 21539 24526 1164
19006 DeFreitas 36 53 23376 26372 1746
19118 Giannetti 58 7 27051 28565 1746
19141 Boes 38 35 20727 22965 2910
19225 Ranfi 99 50 21867 26462 2910
19293 Fiadone 87 68 27240 28576 1164
19864 Donatini 40 4 23278 25663 582
20037 Piani 22 41 23354 24814 1164
20070 Antonello 71 62 22314 28268 1746
20127 Barbieri 76 72 24002 27369 582
20258 Marata 18 17 23674 27953 2328
20441 Teodorani 53 9 26116 27525 1746
20445 Spoletini 91 79 25880 27824 1164
20524 Gutjahr 68 57 24325 25080 2328
20623 Galotti 30 94 23360 27820 1164
20681 Lombardo 23 26 27611 28726 2910
21198 Martellini 81 33 26485 28621 2328
21284 Tarani 63 70 26988 28589 2910
21546 Piccoli 35 70 27041 27256 1164
21678 Cusin 98 1 27234 28183 582
21788 Pierucci 12 95 22093 24767 1164
21853 Vitor 57 29 25399 25948 2910
21854 Bassolino 23 95 24398 26928 2910
21886 Cattaneo 15 91 22116 23548 2910
22171 Bernardo 39 2 27840 28328 582
22301 DelAguila 41 53 25847 27649 2910
22339 Burla 67 39 27334 28282 582
22659 Bellino 49 33 22698 26322 1746
22732 Ercolani 67 11 24479 27754 2328
22966 Vaccaro 29 39 23295 25848 2328
23028 Bernacci 30 89 23935 25637 2328
23079 Casali 37 34 24224 28787 1164
23266 Rebeccato 96 39 27741 28468 1164
23345 Minnella 29 74 27786 28659 2328
23411 Caporilli 84 30 25886 27950 1746
23492 Fiore 99 16 25835 27512 2328
23528 Filippelli 70 39 25753 26889 582
23572 Bertini 56 25 26147 28569 2328
24063 Cospito 72 84 24919 26488 2910
24130 Coppola 59 22 26316 27547 2910
24170 Costa 29 44 27014 28552 1164
24241 Palazzari 49 37 26336 27535 582
24319 Cangini 16 51 25204 27057 2910
24719 Orlando 75 66 25605 26323 1164
24804 Emumwen 37 58 25619 26520 2910
25014 Infante 97 70 26754 28642 582
25166 Parravani 78 20 26431 28147 1164
25196 Rucci 3 67 27528 27691 2328
25273 Fratini 10 35 27010 28664 1164
25281 Mancini 93 97 25860 28112 1746
25349 Vella 20 5 25697 27908 2910
25578 DeCataldo 1 74 26598 27967 1746
25613 Ferrante 68 74 27927 28499 582
25743 DeStefano 42 79 26907 28359 1746
25971 Zandoli 34 38 27306 28453 2328
25996 Morselli 92 14 27277 28160 2910
26051 Marino 43 67 27202 27992 1746
26150 Tranquilli 18 63 26297 27357 582
26171 DiMenna 89 5 26717 28173 1746
26209 Pepe 98 91 26492 28501 1164
26299 Fontanilla 4 88 28328 28799 1746
26308 Angelicchio 59 13 26453 27281 1746
26317 Bianchi 51 95 27331 28568 1746
26390 Manchia 60 25 27165 28144 2910
26534 Accadia 2 80 26813 28267 2910
26585 Muratori 48 18 27066 28210 582
26598 Ricciardi 43 64 28372 28749 1164
26786 D'Achille 75 21 27171 28231 2328
27494 DiLena 65 4 27537 28603 1164
27706 Trombino 29 7 27959 28603 1164
